row_constraints = [[3,6],
                   [2,3,3],
                   [1,2,3],
                   [2,5,2],
                   [1,2,2,2],
                   [2,1,1,2],
                   [1,1,1,2],
                   [2,1,2,2],
                   [2,1,2,1],
                   [2,2,3,1],
                   [2,4,2],
                   [2],
                   [3,1,1],
                   [3,3,2],
                   [6,3]
                   ]
col_constraints = [[3,6],
                   [2,9],
                   [1,3,2],
                   [2,2],
                   [2,4,1],
                   [1,2,2,1],
                   [2,1,1,1],
                   [1,1,1,1],
                   [1,1,2,1],
                   [1,1,3,1],
                   [1,8,1],
                   [2,2,1,1],
                   [2,1,1,1],
                   [8,2],
                   [6,3]]

Lock:
    R = 9
    C = 5
  const default_row = [
      [3],
      [1, 1],
      [1, 1],
      [1],
      [5],
      [2, 2],
      [5],
      [5],
      [3]
  ];
  const default_col = [
      [2, 4],
      [1, 5],
      [1, 1, 3],
      [1, 5],
      [7]
  ];

Iron:
    R = 5
    C = 7
    const default_row = [
        [4],
        [1],
        [5],
        [1,1],
        [7]
    ];
    const default_col = [
        [1],
        [2],
        [1,1],
        [1,1,1],
        [1,1,1],
        [1,1,1],
        [5]
    ];